{
 "cells": [
  {
   "cell_type": "markdown",
   "metadata": {},
   "source": [
    "# Web Scraping"
   ]
  },
  {
   "cell_type": "code",
   "execution_count": 1,
   "metadata": {},
   "outputs": [],
   "source": [
    "import requests\n",
    "import pandas as pd\n",
    "from bs4 import BeautifulSoup\n",
    "from matplotlib import pyplot as plt\n",
    "import numpy as np\n",
    "import time \n",
    "import datetime\n",
    "from mpl_finance import candlestick_ohlc"
   ]
  },
  {
   "cell_type": "code",
   "execution_count": 2,
   "metadata": {},
   "outputs": [],
   "source": [
    "url1 = \"https://finance.yahoo.com/quote/GOOG/history?period1=\""
   ]
  },
  {
   "cell_type": "code",
   "execution_count": 3,
   "metadata": {},
   "outputs": [],
   "source": [
    "url2 = \"01/06/2019\""
   ]
  },
  {
   "cell_type": "code",
   "execution_count": 4,
   "metadata": {},
   "outputs": [],
   "source": [
    "url2 = time.mktime(datetime.datetime.strptime(url2, \"%d/%m/%Y\").timetuple())"
   ]
  },
  {
   "cell_type": "code",
   "execution_count": 5,
   "metadata": {},
   "outputs": [
    {
     "data": {
      "text/plain": [
       "1559327400.0"
      ]
     },
     "execution_count": 5,
     "metadata": {},
     "output_type": "execute_result"
    }
   ],
   "source": [
    "url2"
   ]
  },
  {
   "cell_type": "code",
   "execution_count": 6,
   "metadata": {},
   "outputs": [],
   "source": [
    "url3 = \"&period2=\""
   ]
  },
  {
   "cell_type": "code",
   "execution_count": 7,
   "metadata": {},
   "outputs": [],
   "source": [
    "url4 = \"12/12/2019\""
   ]
  },
  {
   "cell_type": "code",
   "execution_count": 8,
   "metadata": {},
   "outputs": [],
   "source": [
    "url4 = time.mktime(datetime.datetime.strptime(url4, \"%d/%m/%Y\").timetuple())"
   ]
  },
  {
   "cell_type": "code",
   "execution_count": 9,
   "metadata": {},
   "outputs": [
    {
     "data": {
      "text/plain": [
       "1576089000.0"
      ]
     },
     "execution_count": 9,
     "metadata": {},
     "output_type": "execute_result"
    }
   ],
   "source": [
    "url4"
   ]
  },
  {
   "cell_type": "code",
   "execution_count": 10,
   "metadata": {},
   "outputs": [],
   "source": [
    "url5 = \"&interval=1d&filter=history&frequency=1d\""
   ]
  },
  {
   "cell_type": "code",
   "execution_count": 11,
   "metadata": {},
   "outputs": [],
   "source": [
    "urlfinal = url1 + str(int(url2)) + url3 + str(int(url4)) + url5;"
   ]
  },
  {
   "cell_type": "code",
   "execution_count": 12,
   "metadata": {},
   "outputs": [
    {
     "data": {
      "text/plain": [
       "'https://finance.yahoo.com/quote/GOOG/history?period1=1559327400&period2=1576089000&interval=1d&filter=history&frequency=1d'"
      ]
     },
     "execution_count": 12,
     "metadata": {},
     "output_type": "execute_result"
    }
   ],
   "source": [
    "urlfinal"
   ]
  },
  {
   "cell_type": "code",
   "execution_count": 13,
   "metadata": {},
   "outputs": [],
   "source": [
    "dfs = pd.read_html(urlfinal)"
   ]
  },
  {
   "cell_type": "code",
   "execution_count": 14,
   "metadata": {},
   "outputs": [
    {
     "data": {
      "text/plain": [
       "[                                                  Date  \\\n",
       " 0                                         Dec 11, 2019   \n",
       " 1                                         Dec 10, 2019   \n",
       " 2                                         Dec 09, 2019   \n",
       " 3                                         Dec 06, 2019   \n",
       " 4                                         Dec 05, 2019   \n",
       " ..                                                 ...   \n",
       " 96                                        Jul 26, 2019   \n",
       " 97                                        Jul 25, 2019   \n",
       " 98                                        Jul 24, 2019   \n",
       " 99                                        Jul 23, 2019   \n",
       " 100  *Close price adjusted for splits.**Adjusted cl...   \n",
       " \n",
       "                                                   Open  \\\n",
       " 0                                              1350.84   \n",
       " 1                                              1341.50   \n",
       " 2                                              1338.04   \n",
       " 3                                              1333.44   \n",
       " 4                                              1328.00   \n",
       " ..                                                 ...   \n",
       " 96                                             1224.04   \n",
       " 97                                             1137.82   \n",
       " 98                                             1131.90   \n",
       " 99                                             1144.00   \n",
       " 100  *Close price adjusted for splits.**Adjusted cl...   \n",
       " \n",
       "                                                   High  \\\n",
       " 0                                              1351.20   \n",
       " 1                                              1349.97   \n",
       " 2                                              1359.45   \n",
       " 3                                              1344.00   \n",
       " 4                                              1329.36   \n",
       " ..                                                 ...   \n",
       " 96                                             1265.55   \n",
       " 97                                             1141.70   \n",
       " 98                                             1144.00   \n",
       " 99                                             1146.90   \n",
       " 100  *Close price adjusted for splits.**Adjusted cl...   \n",
       " \n",
       "                                                    Low  \\\n",
       " 0                                              1342.67   \n",
       " 1                                              1336.04   \n",
       " 2                                              1337.84   \n",
       " 3                                              1333.44   \n",
       " 4                                              1316.44   \n",
       " ..                                                 ...   \n",
       " 96                                             1224.00   \n",
       " 97                                             1120.92   \n",
       " 98                                             1126.99   \n",
       " 99                                             1131.80   \n",
       " 100  *Close price adjusted for splits.**Adjusted cl...   \n",
       " \n",
       "                                                 Close*  \\\n",
       " 0                                              1345.02   \n",
       " 1                                              1344.66   \n",
       " 2                                              1343.56   \n",
       " 3                                              1340.62   \n",
       " 4                                              1328.13   \n",
       " ..                                                 ...   \n",
       " 96                                             1250.41   \n",
       " 97                                             1132.12   \n",
       " 98                                             1137.81   \n",
       " 99                                             1146.21   \n",
       " 100  *Close price adjusted for splits.**Adjusted cl...   \n",
       " \n",
       "                                            Adj Close**  \\\n",
       " 0                                              1345.02   \n",
       " 1                                              1344.66   \n",
       " 2                                              1343.56   \n",
       " 3                                              1340.62   \n",
       " 4                                              1328.13   \n",
       " ..                                                 ...   \n",
       " 96                                             1250.41   \n",
       " 97                                             1132.12   \n",
       " 98                                             1137.81   \n",
       " 99                                             1146.21   \n",
       " 100  *Close price adjusted for splits.**Adjusted cl...   \n",
       " \n",
       "                                                 Volume  \n",
       " 0                                               850400  \n",
       " 1                                              1094100  \n",
       " 2                                              1354300  \n",
       " 3                                              1314800  \n",
       " 4                                              1212700  \n",
       " ..                                                 ...  \n",
       " 96                                             4805800  \n",
       " 97                                             2209800  \n",
       " 98                                             1589800  \n",
       " 99                                             1093700  \n",
       " 100  *Close price adjusted for splits.**Adjusted cl...  \n",
       " \n",
       " [101 rows x 7 columns]]"
      ]
     },
     "execution_count": 14,
     "metadata": {},
     "output_type": "execute_result"
    }
   ],
   "source": [
    "dfs"
   ]
  },
  {
   "cell_type": "code",
   "execution_count": 15,
   "metadata": {},
   "outputs": [],
   "source": [
    "dataset = pd.DataFrame()"
   ]
  },
  {
   "cell_type": "markdown",
   "metadata": {},
   "source": [
    "# Data Preprocessing"
   ]
  },
  {
   "cell_type": "code",
   "execution_count": 16,
   "metadata": {},
   "outputs": [],
   "source": [
    "for data in dfs:\n",
    "    dataset = data"
   ]
  },
  {
   "cell_type": "code",
   "execution_count": 17,
   "metadata": {},
   "outputs": [
    {
     "data": {
      "text/html": [
       "<div>\n",
       "<style scoped>\n",
       "    .dataframe tbody tr th:only-of-type {\n",
       "        vertical-align: middle;\n",
       "    }\n",
       "\n",
       "    .dataframe tbody tr th {\n",
       "        vertical-align: top;\n",
       "    }\n",
       "\n",
       "    .dataframe thead th {\n",
       "        text-align: right;\n",
       "    }\n",
       "</style>\n",
       "<table border=\"1\" class=\"dataframe\">\n",
       "  <thead>\n",
       "    <tr style=\"text-align: right;\">\n",
       "      <th></th>\n",
       "      <th>Date</th>\n",
       "      <th>Open</th>\n",
       "      <th>High</th>\n",
       "      <th>Low</th>\n",
       "      <th>Close*</th>\n",
       "      <th>Adj Close**</th>\n",
       "      <th>Volume</th>\n",
       "    </tr>\n",
       "  </thead>\n",
       "  <tbody>\n",
       "    <tr>\n",
       "      <td>0</td>\n",
       "      <td>Dec 11, 2019</td>\n",
       "      <td>1350.84</td>\n",
       "      <td>1351.20</td>\n",
       "      <td>1342.67</td>\n",
       "      <td>1345.02</td>\n",
       "      <td>1345.02</td>\n",
       "      <td>850400</td>\n",
       "    </tr>\n",
       "    <tr>\n",
       "      <td>1</td>\n",
       "      <td>Dec 10, 2019</td>\n",
       "      <td>1341.50</td>\n",
       "      <td>1349.97</td>\n",
       "      <td>1336.04</td>\n",
       "      <td>1344.66</td>\n",
       "      <td>1344.66</td>\n",
       "      <td>1094100</td>\n",
       "    </tr>\n",
       "    <tr>\n",
       "      <td>2</td>\n",
       "      <td>Dec 09, 2019</td>\n",
       "      <td>1338.04</td>\n",
       "      <td>1359.45</td>\n",
       "      <td>1337.84</td>\n",
       "      <td>1343.56</td>\n",
       "      <td>1343.56</td>\n",
       "      <td>1354300</td>\n",
       "    </tr>\n",
       "    <tr>\n",
       "      <td>3</td>\n",
       "      <td>Dec 06, 2019</td>\n",
       "      <td>1333.44</td>\n",
       "      <td>1344.00</td>\n",
       "      <td>1333.44</td>\n",
       "      <td>1340.62</td>\n",
       "      <td>1340.62</td>\n",
       "      <td>1314800</td>\n",
       "    </tr>\n",
       "    <tr>\n",
       "      <td>4</td>\n",
       "      <td>Dec 05, 2019</td>\n",
       "      <td>1328.00</td>\n",
       "      <td>1329.36</td>\n",
       "      <td>1316.44</td>\n",
       "      <td>1328.13</td>\n",
       "      <td>1328.13</td>\n",
       "      <td>1212700</td>\n",
       "    </tr>\n",
       "    <tr>\n",
       "      <td>...</td>\n",
       "      <td>...</td>\n",
       "      <td>...</td>\n",
       "      <td>...</td>\n",
       "      <td>...</td>\n",
       "      <td>...</td>\n",
       "      <td>...</td>\n",
       "      <td>...</td>\n",
       "    </tr>\n",
       "    <tr>\n",
       "      <td>96</td>\n",
       "      <td>Jul 26, 2019</td>\n",
       "      <td>1224.04</td>\n",
       "      <td>1265.55</td>\n",
       "      <td>1224.00</td>\n",
       "      <td>1250.41</td>\n",
       "      <td>1250.41</td>\n",
       "      <td>4805800</td>\n",
       "    </tr>\n",
       "    <tr>\n",
       "      <td>97</td>\n",
       "      <td>Jul 25, 2019</td>\n",
       "      <td>1137.82</td>\n",
       "      <td>1141.70</td>\n",
       "      <td>1120.92</td>\n",
       "      <td>1132.12</td>\n",
       "      <td>1132.12</td>\n",
       "      <td>2209800</td>\n",
       "    </tr>\n",
       "    <tr>\n",
       "      <td>98</td>\n",
       "      <td>Jul 24, 2019</td>\n",
       "      <td>1131.90</td>\n",
       "      <td>1144.00</td>\n",
       "      <td>1126.99</td>\n",
       "      <td>1137.81</td>\n",
       "      <td>1137.81</td>\n",
       "      <td>1589800</td>\n",
       "    </tr>\n",
       "    <tr>\n",
       "      <td>99</td>\n",
       "      <td>Jul 23, 2019</td>\n",
       "      <td>1144.00</td>\n",
       "      <td>1146.90</td>\n",
       "      <td>1131.80</td>\n",
       "      <td>1146.21</td>\n",
       "      <td>1146.21</td>\n",
       "      <td>1093700</td>\n",
       "    </tr>\n",
       "    <tr>\n",
       "      <td>100</td>\n",
       "      <td>*Close price adjusted for splits.**Adjusted cl...</td>\n",
       "      <td>*Close price adjusted for splits.**Adjusted cl...</td>\n",
       "      <td>*Close price adjusted for splits.**Adjusted cl...</td>\n",
       "      <td>*Close price adjusted for splits.**Adjusted cl...</td>\n",
       "      <td>*Close price adjusted for splits.**Adjusted cl...</td>\n",
       "      <td>*Close price adjusted for splits.**Adjusted cl...</td>\n",
       "      <td>*Close price adjusted for splits.**Adjusted cl...</td>\n",
       "    </tr>\n",
       "  </tbody>\n",
       "</table>\n",
       "<p>101 rows × 7 columns</p>\n",
       "</div>"
      ],
      "text/plain": [
       "                                                  Date  \\\n",
       "0                                         Dec 11, 2019   \n",
       "1                                         Dec 10, 2019   \n",
       "2                                         Dec 09, 2019   \n",
       "3                                         Dec 06, 2019   \n",
       "4                                         Dec 05, 2019   \n",
       "..                                                 ...   \n",
       "96                                        Jul 26, 2019   \n",
       "97                                        Jul 25, 2019   \n",
       "98                                        Jul 24, 2019   \n",
       "99                                        Jul 23, 2019   \n",
       "100  *Close price adjusted for splits.**Adjusted cl...   \n",
       "\n",
       "                                                  Open  \\\n",
       "0                                              1350.84   \n",
       "1                                              1341.50   \n",
       "2                                              1338.04   \n",
       "3                                              1333.44   \n",
       "4                                              1328.00   \n",
       "..                                                 ...   \n",
       "96                                             1224.04   \n",
       "97                                             1137.82   \n",
       "98                                             1131.90   \n",
       "99                                             1144.00   \n",
       "100  *Close price adjusted for splits.**Adjusted cl...   \n",
       "\n",
       "                                                  High  \\\n",
       "0                                              1351.20   \n",
       "1                                              1349.97   \n",
       "2                                              1359.45   \n",
       "3                                              1344.00   \n",
       "4                                              1329.36   \n",
       "..                                                 ...   \n",
       "96                                             1265.55   \n",
       "97                                             1141.70   \n",
       "98                                             1144.00   \n",
       "99                                             1146.90   \n",
       "100  *Close price adjusted for splits.**Adjusted cl...   \n",
       "\n",
       "                                                   Low  \\\n",
       "0                                              1342.67   \n",
       "1                                              1336.04   \n",
       "2                                              1337.84   \n",
       "3                                              1333.44   \n",
       "4                                              1316.44   \n",
       "..                                                 ...   \n",
       "96                                             1224.00   \n",
       "97                                             1120.92   \n",
       "98                                             1126.99   \n",
       "99                                             1131.80   \n",
       "100  *Close price adjusted for splits.**Adjusted cl...   \n",
       "\n",
       "                                                Close*  \\\n",
       "0                                              1345.02   \n",
       "1                                              1344.66   \n",
       "2                                              1343.56   \n",
       "3                                              1340.62   \n",
       "4                                              1328.13   \n",
       "..                                                 ...   \n",
       "96                                             1250.41   \n",
       "97                                             1132.12   \n",
       "98                                             1137.81   \n",
       "99                                             1146.21   \n",
       "100  *Close price adjusted for splits.**Adjusted cl...   \n",
       "\n",
       "                                           Adj Close**  \\\n",
       "0                                              1345.02   \n",
       "1                                              1344.66   \n",
       "2                                              1343.56   \n",
       "3                                              1340.62   \n",
       "4                                              1328.13   \n",
       "..                                                 ...   \n",
       "96                                             1250.41   \n",
       "97                                             1132.12   \n",
       "98                                             1137.81   \n",
       "99                                             1146.21   \n",
       "100  *Close price adjusted for splits.**Adjusted cl...   \n",
       "\n",
       "                                                Volume  \n",
       "0                                               850400  \n",
       "1                                              1094100  \n",
       "2                                              1354300  \n",
       "3                                              1314800  \n",
       "4                                              1212700  \n",
       "..                                                 ...  \n",
       "96                                             4805800  \n",
       "97                                             2209800  \n",
       "98                                             1589800  \n",
       "99                                             1093700  \n",
       "100  *Close price adjusted for splits.**Adjusted cl...  \n",
       "\n",
       "[101 rows x 7 columns]"
      ]
     },
     "execution_count": 17,
     "metadata": {},
     "output_type": "execute_result"
    }
   ],
   "source": [
    "dataset"
   ]
  },
  {
   "cell_type": "code",
   "execution_count": 18,
   "metadata": {},
   "outputs": [],
   "source": [
    "dataset = dataset[:-1]"
   ]
  },
  {
   "cell_type": "code",
   "execution_count": 19,
   "metadata": {},
   "outputs": [
    {
     "data": {
      "text/html": [
       "<div>\n",
       "<style scoped>\n",
       "    .dataframe tbody tr th:only-of-type {\n",
       "        vertical-align: middle;\n",
       "    }\n",
       "\n",
       "    .dataframe tbody tr th {\n",
       "        vertical-align: top;\n",
       "    }\n",
       "\n",
       "    .dataframe thead th {\n",
       "        text-align: right;\n",
       "    }\n",
       "</style>\n",
       "<table border=\"1\" class=\"dataframe\">\n",
       "  <thead>\n",
       "    <tr style=\"text-align: right;\">\n",
       "      <th></th>\n",
       "      <th>Date</th>\n",
       "      <th>Open</th>\n",
       "      <th>High</th>\n",
       "      <th>Low</th>\n",
       "      <th>Close*</th>\n",
       "      <th>Adj Close**</th>\n",
       "      <th>Volume</th>\n",
       "    </tr>\n",
       "  </thead>\n",
       "  <tbody>\n",
       "    <tr>\n",
       "      <td>0</td>\n",
       "      <td>Dec 11, 2019</td>\n",
       "      <td>1350.84</td>\n",
       "      <td>1351.20</td>\n",
       "      <td>1342.67</td>\n",
       "      <td>1345.02</td>\n",
       "      <td>1345.02</td>\n",
       "      <td>850400</td>\n",
       "    </tr>\n",
       "    <tr>\n",
       "      <td>1</td>\n",
       "      <td>Dec 10, 2019</td>\n",
       "      <td>1341.50</td>\n",
       "      <td>1349.97</td>\n",
       "      <td>1336.04</td>\n",
       "      <td>1344.66</td>\n",
       "      <td>1344.66</td>\n",
       "      <td>1094100</td>\n",
       "    </tr>\n",
       "    <tr>\n",
       "      <td>2</td>\n",
       "      <td>Dec 09, 2019</td>\n",
       "      <td>1338.04</td>\n",
       "      <td>1359.45</td>\n",
       "      <td>1337.84</td>\n",
       "      <td>1343.56</td>\n",
       "      <td>1343.56</td>\n",
       "      <td>1354300</td>\n",
       "    </tr>\n",
       "    <tr>\n",
       "      <td>3</td>\n",
       "      <td>Dec 06, 2019</td>\n",
       "      <td>1333.44</td>\n",
       "      <td>1344.00</td>\n",
       "      <td>1333.44</td>\n",
       "      <td>1340.62</td>\n",
       "      <td>1340.62</td>\n",
       "      <td>1314800</td>\n",
       "    </tr>\n",
       "    <tr>\n",
       "      <td>4</td>\n",
       "      <td>Dec 05, 2019</td>\n",
       "      <td>1328.00</td>\n",
       "      <td>1329.36</td>\n",
       "      <td>1316.44</td>\n",
       "      <td>1328.13</td>\n",
       "      <td>1328.13</td>\n",
       "      <td>1212700</td>\n",
       "    </tr>\n",
       "    <tr>\n",
       "      <td>...</td>\n",
       "      <td>...</td>\n",
       "      <td>...</td>\n",
       "      <td>...</td>\n",
       "      <td>...</td>\n",
       "      <td>...</td>\n",
       "      <td>...</td>\n",
       "      <td>...</td>\n",
       "    </tr>\n",
       "    <tr>\n",
       "      <td>95</td>\n",
       "      <td>Jul 29, 2019</td>\n",
       "      <td>1241.05</td>\n",
       "      <td>1247.37</td>\n",
       "      <td>1228.23</td>\n",
       "      <td>1239.41</td>\n",
       "      <td>1239.41</td>\n",
       "      <td>2223700</td>\n",
       "    </tr>\n",
       "    <tr>\n",
       "      <td>96</td>\n",
       "      <td>Jul 26, 2019</td>\n",
       "      <td>1224.04</td>\n",
       "      <td>1265.55</td>\n",
       "      <td>1224.00</td>\n",
       "      <td>1250.41</td>\n",
       "      <td>1250.41</td>\n",
       "      <td>4805800</td>\n",
       "    </tr>\n",
       "    <tr>\n",
       "      <td>97</td>\n",
       "      <td>Jul 25, 2019</td>\n",
       "      <td>1137.82</td>\n",
       "      <td>1141.70</td>\n",
       "      <td>1120.92</td>\n",
       "      <td>1132.12</td>\n",
       "      <td>1132.12</td>\n",
       "      <td>2209800</td>\n",
       "    </tr>\n",
       "    <tr>\n",
       "      <td>98</td>\n",
       "      <td>Jul 24, 2019</td>\n",
       "      <td>1131.90</td>\n",
       "      <td>1144.00</td>\n",
       "      <td>1126.99</td>\n",
       "      <td>1137.81</td>\n",
       "      <td>1137.81</td>\n",
       "      <td>1589800</td>\n",
       "    </tr>\n",
       "    <tr>\n",
       "      <td>99</td>\n",
       "      <td>Jul 23, 2019</td>\n",
       "      <td>1144.00</td>\n",
       "      <td>1146.90</td>\n",
       "      <td>1131.80</td>\n",
       "      <td>1146.21</td>\n",
       "      <td>1146.21</td>\n",
       "      <td>1093700</td>\n",
       "    </tr>\n",
       "  </tbody>\n",
       "</table>\n",
       "<p>100 rows × 7 columns</p>\n",
       "</div>"
      ],
      "text/plain": [
       "            Date     Open     High      Low   Close* Adj Close**   Volume\n",
       "0   Dec 11, 2019  1350.84  1351.20  1342.67  1345.02     1345.02   850400\n",
       "1   Dec 10, 2019  1341.50  1349.97  1336.04  1344.66     1344.66  1094100\n",
       "2   Dec 09, 2019  1338.04  1359.45  1337.84  1343.56     1343.56  1354300\n",
       "3   Dec 06, 2019  1333.44  1344.00  1333.44  1340.62     1340.62  1314800\n",
       "4   Dec 05, 2019  1328.00  1329.36  1316.44  1328.13     1328.13  1212700\n",
       "..           ...      ...      ...      ...      ...         ...      ...\n",
       "95  Jul 29, 2019  1241.05  1247.37  1228.23  1239.41     1239.41  2223700\n",
       "96  Jul 26, 2019  1224.04  1265.55  1224.00  1250.41     1250.41  4805800\n",
       "97  Jul 25, 2019  1137.82  1141.70  1120.92  1132.12     1132.12  2209800\n",
       "98  Jul 24, 2019  1131.90  1144.00  1126.99  1137.81     1137.81  1589800\n",
       "99  Jul 23, 2019  1144.00  1146.90  1131.80  1146.21     1146.21  1093700\n",
       "\n",
       "[100 rows x 7 columns]"
      ]
     },
     "execution_count": 19,
     "metadata": {},
     "output_type": "execute_result"
    }
   ],
   "source": [
    "dataset"
   ]
  },
  {
   "cell_type": "code",
   "execution_count": 20,
   "metadata": {},
   "outputs": [],
   "source": [
    "dataset = dataset.reindex(index=dataset.index[::-1])"
   ]
  },
  {
   "cell_type": "code",
   "execution_count": 21,
   "metadata": {},
   "outputs": [
    {
     "data": {
      "text/html": [
       "<div>\n",
       "<style scoped>\n",
       "    .dataframe tbody tr th:only-of-type {\n",
       "        vertical-align: middle;\n",
       "    }\n",
       "\n",
       "    .dataframe tbody tr th {\n",
       "        vertical-align: top;\n",
       "    }\n",
       "\n",
       "    .dataframe thead th {\n",
       "        text-align: right;\n",
       "    }\n",
       "</style>\n",
       "<table border=\"1\" class=\"dataframe\">\n",
       "  <thead>\n",
       "    <tr style=\"text-align: right;\">\n",
       "      <th></th>\n",
       "      <th>Date</th>\n",
       "      <th>Open</th>\n",
       "      <th>High</th>\n",
       "      <th>Low</th>\n",
       "      <th>Close*</th>\n",
       "      <th>Adj Close**</th>\n",
       "      <th>Volume</th>\n",
       "    </tr>\n",
       "  </thead>\n",
       "  <tbody>\n",
       "    <tr>\n",
       "      <td>99</td>\n",
       "      <td>Jul 23, 2019</td>\n",
       "      <td>1144.00</td>\n",
       "      <td>1146.90</td>\n",
       "      <td>1131.80</td>\n",
       "      <td>1146.21</td>\n",
       "      <td>1146.21</td>\n",
       "      <td>1093700</td>\n",
       "    </tr>\n",
       "    <tr>\n",
       "      <td>98</td>\n",
       "      <td>Jul 24, 2019</td>\n",
       "      <td>1131.90</td>\n",
       "      <td>1144.00</td>\n",
       "      <td>1126.99</td>\n",
       "      <td>1137.81</td>\n",
       "      <td>1137.81</td>\n",
       "      <td>1589800</td>\n",
       "    </tr>\n",
       "    <tr>\n",
       "      <td>97</td>\n",
       "      <td>Jul 25, 2019</td>\n",
       "      <td>1137.82</td>\n",
       "      <td>1141.70</td>\n",
       "      <td>1120.92</td>\n",
       "      <td>1132.12</td>\n",
       "      <td>1132.12</td>\n",
       "      <td>2209800</td>\n",
       "    </tr>\n",
       "    <tr>\n",
       "      <td>96</td>\n",
       "      <td>Jul 26, 2019</td>\n",
       "      <td>1224.04</td>\n",
       "      <td>1265.55</td>\n",
       "      <td>1224.00</td>\n",
       "      <td>1250.41</td>\n",
       "      <td>1250.41</td>\n",
       "      <td>4805800</td>\n",
       "    </tr>\n",
       "    <tr>\n",
       "      <td>95</td>\n",
       "      <td>Jul 29, 2019</td>\n",
       "      <td>1241.05</td>\n",
       "      <td>1247.37</td>\n",
       "      <td>1228.23</td>\n",
       "      <td>1239.41</td>\n",
       "      <td>1239.41</td>\n",
       "      <td>2223700</td>\n",
       "    </tr>\n",
       "    <tr>\n",
       "      <td>...</td>\n",
       "      <td>...</td>\n",
       "      <td>...</td>\n",
       "      <td>...</td>\n",
       "      <td>...</td>\n",
       "      <td>...</td>\n",
       "      <td>...</td>\n",
       "      <td>...</td>\n",
       "    </tr>\n",
       "    <tr>\n",
       "      <td>4</td>\n",
       "      <td>Dec 05, 2019</td>\n",
       "      <td>1328.00</td>\n",
       "      <td>1329.36</td>\n",
       "      <td>1316.44</td>\n",
       "      <td>1328.13</td>\n",
       "      <td>1328.13</td>\n",
       "      <td>1212700</td>\n",
       "    </tr>\n",
       "    <tr>\n",
       "      <td>3</td>\n",
       "      <td>Dec 06, 2019</td>\n",
       "      <td>1333.44</td>\n",
       "      <td>1344.00</td>\n",
       "      <td>1333.44</td>\n",
       "      <td>1340.62</td>\n",
       "      <td>1340.62</td>\n",
       "      <td>1314800</td>\n",
       "    </tr>\n",
       "    <tr>\n",
       "      <td>2</td>\n",
       "      <td>Dec 09, 2019</td>\n",
       "      <td>1338.04</td>\n",
       "      <td>1359.45</td>\n",
       "      <td>1337.84</td>\n",
       "      <td>1343.56</td>\n",
       "      <td>1343.56</td>\n",
       "      <td>1354300</td>\n",
       "    </tr>\n",
       "    <tr>\n",
       "      <td>1</td>\n",
       "      <td>Dec 10, 2019</td>\n",
       "      <td>1341.50</td>\n",
       "      <td>1349.97</td>\n",
       "      <td>1336.04</td>\n",
       "      <td>1344.66</td>\n",
       "      <td>1344.66</td>\n",
       "      <td>1094100</td>\n",
       "    </tr>\n",
       "    <tr>\n",
       "      <td>0</td>\n",
       "      <td>Dec 11, 2019</td>\n",
       "      <td>1350.84</td>\n",
       "      <td>1351.20</td>\n",
       "      <td>1342.67</td>\n",
       "      <td>1345.02</td>\n",
       "      <td>1345.02</td>\n",
       "      <td>850400</td>\n",
       "    </tr>\n",
       "  </tbody>\n",
       "</table>\n",
       "<p>100 rows × 7 columns</p>\n",
       "</div>"
      ],
      "text/plain": [
       "            Date     Open     High      Low   Close* Adj Close**   Volume\n",
       "99  Jul 23, 2019  1144.00  1146.90  1131.80  1146.21     1146.21  1093700\n",
       "98  Jul 24, 2019  1131.90  1144.00  1126.99  1137.81     1137.81  1589800\n",
       "97  Jul 25, 2019  1137.82  1141.70  1120.92  1132.12     1132.12  2209800\n",
       "96  Jul 26, 2019  1224.04  1265.55  1224.00  1250.41     1250.41  4805800\n",
       "95  Jul 29, 2019  1241.05  1247.37  1228.23  1239.41     1239.41  2223700\n",
       "..           ...      ...      ...      ...      ...         ...      ...\n",
       "4   Dec 05, 2019  1328.00  1329.36  1316.44  1328.13     1328.13  1212700\n",
       "3   Dec 06, 2019  1333.44  1344.00  1333.44  1340.62     1340.62  1314800\n",
       "2   Dec 09, 2019  1338.04  1359.45  1337.84  1343.56     1343.56  1354300\n",
       "1   Dec 10, 2019  1341.50  1349.97  1336.04  1344.66     1344.66  1094100\n",
       "0   Dec 11, 2019  1350.84  1351.20  1342.67  1345.02     1345.02   850400\n",
       "\n",
       "[100 rows x 7 columns]"
      ]
     },
     "execution_count": 21,
     "metadata": {},
     "output_type": "execute_result"
    }
   ],
   "source": [
    "dataset"
   ]
  },
  {
   "cell_type": "code",
   "execution_count": 22,
   "metadata": {},
   "outputs": [],
   "source": [
    "dataset.reset_index(drop = True,inplace = True)"
   ]
  },
  {
   "cell_type": "code",
   "execution_count": 23,
   "metadata": {},
   "outputs": [
    {
     "data": {
      "text/html": [
       "<div>\n",
       "<style scoped>\n",
       "    .dataframe tbody tr th:only-of-type {\n",
       "        vertical-align: middle;\n",
       "    }\n",
       "\n",
       "    .dataframe tbody tr th {\n",
       "        vertical-align: top;\n",
       "    }\n",
       "\n",
       "    .dataframe thead th {\n",
       "        text-align: right;\n",
       "    }\n",
       "</style>\n",
       "<table border=\"1\" class=\"dataframe\">\n",
       "  <thead>\n",
       "    <tr style=\"text-align: right;\">\n",
       "      <th></th>\n",
       "      <th>Date</th>\n",
       "      <th>Open</th>\n",
       "      <th>High</th>\n",
       "      <th>Low</th>\n",
       "      <th>Close*</th>\n",
       "      <th>Adj Close**</th>\n",
       "      <th>Volume</th>\n",
       "    </tr>\n",
       "  </thead>\n",
       "  <tbody>\n",
       "    <tr>\n",
       "      <td>0</td>\n",
       "      <td>Jul 23, 2019</td>\n",
       "      <td>1144.00</td>\n",
       "      <td>1146.90</td>\n",
       "      <td>1131.80</td>\n",
       "      <td>1146.21</td>\n",
       "      <td>1146.21</td>\n",
       "      <td>1093700</td>\n",
       "    </tr>\n",
       "    <tr>\n",
       "      <td>1</td>\n",
       "      <td>Jul 24, 2019</td>\n",
       "      <td>1131.90</td>\n",
       "      <td>1144.00</td>\n",
       "      <td>1126.99</td>\n",
       "      <td>1137.81</td>\n",
       "      <td>1137.81</td>\n",
       "      <td>1589800</td>\n",
       "    </tr>\n",
       "    <tr>\n",
       "      <td>2</td>\n",
       "      <td>Jul 25, 2019</td>\n",
       "      <td>1137.82</td>\n",
       "      <td>1141.70</td>\n",
       "      <td>1120.92</td>\n",
       "      <td>1132.12</td>\n",
       "      <td>1132.12</td>\n",
       "      <td>2209800</td>\n",
       "    </tr>\n",
       "    <tr>\n",
       "      <td>3</td>\n",
       "      <td>Jul 26, 2019</td>\n",
       "      <td>1224.04</td>\n",
       "      <td>1265.55</td>\n",
       "      <td>1224.00</td>\n",
       "      <td>1250.41</td>\n",
       "      <td>1250.41</td>\n",
       "      <td>4805800</td>\n",
       "    </tr>\n",
       "    <tr>\n",
       "      <td>4</td>\n",
       "      <td>Jul 29, 2019</td>\n",
       "      <td>1241.05</td>\n",
       "      <td>1247.37</td>\n",
       "      <td>1228.23</td>\n",
       "      <td>1239.41</td>\n",
       "      <td>1239.41</td>\n",
       "      <td>2223700</td>\n",
       "    </tr>\n",
       "    <tr>\n",
       "      <td>...</td>\n",
       "      <td>...</td>\n",
       "      <td>...</td>\n",
       "      <td>...</td>\n",
       "      <td>...</td>\n",
       "      <td>...</td>\n",
       "      <td>...</td>\n",
       "      <td>...</td>\n",
       "    </tr>\n",
       "    <tr>\n",
       "      <td>95</td>\n",
       "      <td>Dec 05, 2019</td>\n",
       "      <td>1328.00</td>\n",
       "      <td>1329.36</td>\n",
       "      <td>1316.44</td>\n",
       "      <td>1328.13</td>\n",
       "      <td>1328.13</td>\n",
       "      <td>1212700</td>\n",
       "    </tr>\n",
       "    <tr>\n",
       "      <td>96</td>\n",
       "      <td>Dec 06, 2019</td>\n",
       "      <td>1333.44</td>\n",
       "      <td>1344.00</td>\n",
       "      <td>1333.44</td>\n",
       "      <td>1340.62</td>\n",
       "      <td>1340.62</td>\n",
       "      <td>1314800</td>\n",
       "    </tr>\n",
       "    <tr>\n",
       "      <td>97</td>\n",
       "      <td>Dec 09, 2019</td>\n",
       "      <td>1338.04</td>\n",
       "      <td>1359.45</td>\n",
       "      <td>1337.84</td>\n",
       "      <td>1343.56</td>\n",
       "      <td>1343.56</td>\n",
       "      <td>1354300</td>\n",
       "    </tr>\n",
       "    <tr>\n",
       "      <td>98</td>\n",
       "      <td>Dec 10, 2019</td>\n",
       "      <td>1341.50</td>\n",
       "      <td>1349.97</td>\n",
       "      <td>1336.04</td>\n",
       "      <td>1344.66</td>\n",
       "      <td>1344.66</td>\n",
       "      <td>1094100</td>\n",
       "    </tr>\n",
       "    <tr>\n",
       "      <td>99</td>\n",
       "      <td>Dec 11, 2019</td>\n",
       "      <td>1350.84</td>\n",
       "      <td>1351.20</td>\n",
       "      <td>1342.67</td>\n",
       "      <td>1345.02</td>\n",
       "      <td>1345.02</td>\n",
       "      <td>850400</td>\n",
       "    </tr>\n",
       "  </tbody>\n",
       "</table>\n",
       "<p>100 rows × 7 columns</p>\n",
       "</div>"
      ],
      "text/plain": [
       "            Date     Open     High      Low   Close* Adj Close**   Volume\n",
       "0   Jul 23, 2019  1144.00  1146.90  1131.80  1146.21     1146.21  1093700\n",
       "1   Jul 24, 2019  1131.90  1144.00  1126.99  1137.81     1137.81  1589800\n",
       "2   Jul 25, 2019  1137.82  1141.70  1120.92  1132.12     1132.12  2209800\n",
       "3   Jul 26, 2019  1224.04  1265.55  1224.00  1250.41     1250.41  4805800\n",
       "4   Jul 29, 2019  1241.05  1247.37  1228.23  1239.41     1239.41  2223700\n",
       "..           ...      ...      ...      ...      ...         ...      ...\n",
       "95  Dec 05, 2019  1328.00  1329.36  1316.44  1328.13     1328.13  1212700\n",
       "96  Dec 06, 2019  1333.44  1344.00  1333.44  1340.62     1340.62  1314800\n",
       "97  Dec 09, 2019  1338.04  1359.45  1337.84  1343.56     1343.56  1354300\n",
       "98  Dec 10, 2019  1341.50  1349.97  1336.04  1344.66     1344.66  1094100\n",
       "99  Dec 11, 2019  1350.84  1351.20  1342.67  1345.02     1345.02   850400\n",
       "\n",
       "[100 rows x 7 columns]"
      ]
     },
     "execution_count": 23,
     "metadata": {},
     "output_type": "execute_result"
    }
   ],
   "source": [
    "dataset"
   ]
  },
  {
   "cell_type": "code",
   "execution_count": 24,
   "metadata": {},
   "outputs": [],
   "source": [
    "days = {}\n",
    "for i in range(len(dataset.index)):\n",
    "    days[dataset['Date'][i]] = i"
   ]
  },
  {
   "cell_type": "code",
   "execution_count": 25,
   "metadata": {},
   "outputs": [
    {
     "data": {
      "text/plain": [
       "{'Jul 23, 2019': 0,\n",
       " 'Jul 24, 2019': 1,\n",
       " 'Jul 25, 2019': 2,\n",
       " 'Jul 26, 2019': 3,\n",
       " 'Jul 29, 2019': 4,\n",
       " 'Jul 30, 2019': 5,\n",
       " 'Jul 31, 2019': 6,\n",
       " 'Aug 01, 2019': 7,\n",
       " 'Aug 02, 2019': 8,\n",
       " 'Aug 05, 2019': 9,\n",
       " 'Aug 06, 2019': 10,\n",
       " 'Aug 07, 2019': 11,\n",
       " 'Aug 08, 2019': 12,\n",
       " 'Aug 09, 2019': 13,\n",
       " 'Aug 12, 2019': 14,\n",
       " 'Aug 13, 2019': 15,\n",
       " 'Aug 14, 2019': 16,\n",
       " 'Aug 15, 2019': 17,\n",
       " 'Aug 16, 2019': 18,\n",
       " 'Aug 19, 2019': 19,\n",
